			30.00355254873293
			19.244066606701242
			15.885632976835758
			1.8086632189748015
0.0002666350921947023|0.0004157125499250875 |0.0005035996999090629|0.004423156238304339
time is:  20181215-192804---------------------------
			30.00355254873293
			19.244066606701242
			15.885632976835758
			1.8086632189748015
0.0002666350921947023|0.0004157125499250875 |0.0005035996999090629|0.004423156238304339
time is:  20181215-192922---------------------------
			30.00355254873293
			19.244066606701242
			15.885632976835758
			1.8086632189748015
0.0002666350921947023|0.0004157125499250875 |0.0005035996999090629|0.004423156238304339
time is:  20181215-192946---------------------------
			30.00355254873293
			19.244066606701242
			15.885632976835758
			1.8086632189748015
0.0002666350921947023|0.0004157125499250875 |0.0005035996999090629|0.004423156238304339
time is:  20181215-193042---------------------------
			30.00355254873293
			19.244066606701242
			15.885632976835758
			1.8086632189748015
0.0002666350921947023|0.0004157125499250875 |0.0005035996999090629|0.004423156238304339
time is:  20181215-193215---------------------------
			30.00355254873293
			19.244066606701242
			15.885632976835758
			1.8086632189748015
0.0002666350921947023|0.0004157125499250875 |0.0005035996999090629|0.004423156238304339
time is:  20181215-193521---------------------------
			30.00355254873293
			19.244066606701242
			15.885632976835758
			1.8086632189748015
0.0002666350921947023|0.0004157125499250875 |0.0005035996999090629|0.004423156238304339
time is:  20181215-193939---------------------------
			30.00355254873293
			19.244066606701242
			15.885632976835758
			1.8086632189748015
0.0002666350921947023|0.0004157125499250875 |0.0005035996999090629|0.004423156238304339
time is:  20181215-194748---------------------------
			30.00355254873293
			19.244066606701242
			15.885632976835758
			1.8086632189748015
0.0002666350921947023|0.0004157125499250875 |0.0005035996999090629|0.004423156238304339
time is:  20181215-194827---------------------------
			30.00355254873293
			19.244066606701242
			15.885632976835758
			1.8086632189748015
0.0002666350921947023|0.0004157125499250875 |0.0005035996999090629|0.004423156238304339
time is:  20181215-194854---------------------------
			30.00355254873293
			19.244066606701242
			15.885632976835758
			1.8086632189748015
0.0002666350921947023|0.0004157125499250875 |0.0005035996999090629|0.004423156238304339
time is:  20181215-195243---------------------------
			30.00355254873293
			19.244066606701242
			15.885632976835758
			1.8086632189748015
0.0002666350921947023|0.0004157125499250875 |0.0005035996999090629|0.004423156238304339
time is:  20181215-200026---------------------------
			30.00355254873293
			19.244066606701242
			15.885632976835758
			1.8086632189748015
0.0002666350921947023|0.0004157125499250875 |0.0005035996999090629|0.004423156238304339
time is:  20181215-200118---------------------------
			30.00355254873293
			19.244066606701242
			15.885632976835758
			1.8086632189748015
0.0002666350921947023|0.0004157125499250875 |0.0005035996999090629|0.004423156238304339
time is:  20181215-203631---------------------------
			30.00355254873293
			19.244066606701242
			15.885632976835758
			1.8086632189748015
0.0002666350921947023|0.0004157125499250875 |0.0005035996999090629|0.004423156238304339
time is:  20181215-210528---------------------------
			30.00355254873293
			19.244066606701242
			15.885632976835758
			1.8086632189748015
0.0002666350921947023|0.0004157125499250875 |0.0005035996999090629|0.004423156238304339
time is:  20181215-210738---------------------------
			30.00355254873293
			19.244066606701242
			15.885632976835758
			1.8086632189748015
0.0002666350921947023|0.0004157125499250875 |0.0005035996999090629|0.004423156238304339
time is:  20181215-210910---------------------------
			30.00355254873293
			19.244066606701242
			15.885632976835758
			1.8086632189748015
0.0002666350921947023|0.0004157125499250875 |0.0005035996999090629|0.004423156238304339
time is:  20181215-211127---------------------------
			30.00355254873293
			19.244066606701242
			15.885632976835758
			1.8086632189748015
0.0002666350921947023|0.0004157125499250875 |0.0005035996999090629|0.004423156238304339
time is:  20181215-212500---------------------------
			30.00355254873293
			19.244066606701242
			15.885632976835758
			1.8086632189748015
0.0002666350921947023|0.0004157125499250875 |0.0005035996999090629|0.004423156238304339
time is:  20181215-212620---------------------------
			30.00355254873293
			19.244066606701242
			15.885632976835758
			1.8086632189748015
0.0002666350921947023|0.0004157125499250875 |0.0005035996999090629|0.004423156238304339
time is:  20181215-214528---------------------------
			30.00355254873293
			19.244066606701242
			15.885632976835758
			1.8086632189748015
0.0002666350921947023|0.0004157125499250875 |0.0005035996999090629|0.004423156238304339
time is:  20181215-214843---------------------------
			30.00355254873293
			19.244066606701242
			15.885632976835758
			1.8086632189748015
0.0002666350921947023|0.0004157125499250875 |0.0005035996999090629|0.004423156238304339
time is:  20181215-215059---------------------------
			30.00355254873293
			19.244066606701242
			15.885632976835758
			1.8086632189748015
0.0002666350921947023|0.0004157125499250875 |0.0005035996999090629|0.004423156238304339
time is:  20181215-221600---------------------------
			30.00355254873293
			19.244066606701242
			15.885632976835758
			1.8086632189748015
0.0002666350921947023|0.0004157125499250875 |0.0005035996999090629|0.004423156238304339
time is:  20181215-221619---------------------------
			30.00355254873293
			19.244066606701242
			15.885632976835758
			1.8086632189748015
0.0002666350921947023|0.0004157125499250875 |0.0005035996999090629|0.004423156238304339
time is:  20181215-222142---------------------------
			30.00355254873293
			19.244066606701242
			15.885632976835758
			1.8086632189748015
0.0002666350921947023|0.0004157125499250875 |0.0005035996999090629|0.004423156238304339
time is:  20181215-222158---------------------------
			30.00355254873293
			19.244066606701242
			15.885632976835758
			1.8086632189748015
0.0002666350921947023|0.0004157125499250875 |0.0005035996999090629|0.004423156238304339
time is:  20181215-222250---------------------------
			30.00355254873293
			19.244066606701242
			15.885632976835758
			1.8086632189748015
0.0002666350921947023|0.0004157125499250875 |0.0005035996999090629|0.004423156238304339
time is:  20181215-222616---------------------------
			30.00355254873293
			19.244066606701242
			15.885632976835758
			1.8086632189748015
0.0002666350921947023|0.0004157125499250875 |0.0005035996999090629|0.004423156238304339
time is:  20181215-223007---------------------------
			30.00355254873293
			19.244066606701242
			15.885632976835758
			1.8086632189748015
0.0002666350921947023|0.0004157125499250875 |0.0005035996999090629|0.004423156238304339
time is:  20181215-223144---------------------------
			30.00355254873293
			19.244066606701242
			15.885632976835758
			1.8086632189748015
0.0002666350921947023|0.0004157125499250875 |0.0005035996999090629|0.004423156238304339
time is:  20181215-223812---------------------------
			30.00355254873293
			19.244066606701242
			15.885632976835758
			1.8086632189748015
0.0002666350921947023|0.0004157125499250875 |0.0005035996999090629|0.004423156238304339
time is:  20181218-011930---------------------------
			30.00355254873293
			19.244066606701242
			15.885632976835758
			1.8086632189748015
0.0002666350921947023|0.0004157125499250875 |0.0005035996999090629|0.004423156238304339
time is:  20181218-011958---------------------------
